R1 = 2
R2 = 6
R3 = 1.5
R4 = 3
V = 6
% a)
R12=R1*R2/(R1+R2)
R123=R12+R3
Rt=R123*R4/(R123+R4)
% 1.5 Om

% b)
V12=V/2
I2=V12/R2
% 0.5 A
