Q1=-1e-6 % C
Q2=+1.5e-6 % C
k0=9e9

% a)

% b)
Q11=-Q1
Q21=Q2+Q11
Phi=4*pi*k0*(Q1+Q21)
% 1.6965e+05

% c)
Q21
% 2.5000e-06 C