M1=[1 1;0 1]

BM=[M1 -M1; 2*M1 M1/2]