L = 2e-3 % mH
I = 100 % A
WM=L*I^2/2
% 10 J
% 4.