C = 1000e-6 % mkF
U = 100 % V
q=C*U
% 0.1 C
% 1.