I1=2 % A
I2=3 % A
I3=4 % A

% I1-I4-I3+I2=0
I4=I1-I3+I2
% 1 A
% 4.
