E=50 % V
I1=5 % A
R1=20 % Om
R2=20 % Om

U=I1*R1
% 100 V
I2=(U+E)/R2
% 7.5000
% I-I1-I2=0
I=I1+I2
% 12.5000 A
