U=200 % V
R1=60 % Om
R2=40 % Om

P=U^2/(R1+R2)
% 400 W
% 2.