I=5 % A
I1=3 % A
U=100 % V

% I-I1-I2=0
I2=I-I1
% 2 A
P=U*I2
% 200 W