% Uv=(100+i*200) V
% Iv=10A

Uv=100+i*200
Iv=10

S=Uv*Iv'
%    1.0000e+03 + 2.0000e+03i
% 1000
% 1.