% Uv=200V
% Iv=(10+i*20) A
Uv=200
Iv=10+i*20

S=Uv*Iv'
%    2.0000e+03 - 4.0000e+03i
% 4000
% 4.
